[-9. -9. inf]
[-9. -8. inf]
[-9. -7. inf]
[-9. -6. inf]
[-9. -5. inf]
[-9. -4. inf]
[-9. -3. inf]
[-9. -2. inf]
[-9. -1. inf]
[-9.  0. inf]
[-9.  1. inf]
[-9.  2. inf]
[-9.  3. inf]
[-9.  4. inf]
[-9.  5. inf]
[-9.  6. inf]
[-9.  7. inf]
[-9.  8. inf]
[-9.  9. inf]
[-8. -9. inf]
[-8. -8. inf]
[-8. -7. inf]
[-8. -6. inf]
[-8. -5. inf]
[-8. -4. inf]
[-8. -3. inf]
[-8. -2. inf]
[-8. -1. inf]
[-8.  0. inf]
[-8.  1. inf]
[-8.  2. inf]
[-8.  3. inf]
[-8.  4. inf]
[-8.  5. inf]
[-8.  6. inf]
[-8.  7. inf]
[-8.  8. inf]
[-8.  9. inf]
[-7. -9. inf]
[-7. -8. inf]
[-7. -7. inf]
[-7. -6. inf]
[-7. -5. inf]
[-7. -4. inf]
[-7. -3. inf]
[-7. -2. inf]
[-7. -1. inf]
[-7.  0. inf]
[-7.  1. inf]
[-7.          2.         -0.10206187]
[-7.  3. inf]
[-7.          4.         -0.19216669]
[-7.          5.         -0.14335382]
[-7.  6. inf]
[-7.  7. inf]
[-7.  8. inf]
[-7.  9. inf]
[-6. -9. inf]
[-6. -8. inf]
[-6. -7. inf]
[-6. -6. inf]
[-6.         -5.         -0.19866073]
[-6.         -4.         -0.19939297]
[-6.         -3.         -0.19947833]
[-6.         -2.         -0.10845661]
[-6.         -1.         -0.06818551]
[-6.  0. inf]
[-6.  1. inf]
[-6.  2. inf]
[-6.          3.          0.04686213]
[-6.          4.          0.03825563]
[-6.          5.         -0.19944096]
[-6.          6.         -0.19993973]
[-6.          7.         -0.19892329]
[-6.          8.         -0.12369239]
[-6.          9.         -0.13877374]
[-5. -9. inf]
[-5. -8. inf]
[-5. -7. inf]
[-5.        -6.         0.0529117]
[-5. -5. inf]
[-5.         -4.         -0.05987471]
[-5.         -3.         -0.19753981]
[-5.         -2.         -0.18416613]
[-5.         -1.         -0.19890934]
[-5.  0. inf]
[-5.  1. inf]
[-5.  2. inf]
[-5.  3. inf]
[-5.  4. inf]
[-5.  5. inf]
[-5.  6. inf]
[-5.  7. inf]
[-5.          8.          0.01803559]
[-5.          9.         -0.19770181]
[-4.         -9.         -0.11168671]
[-4. -8. inf]
[-4.        -7.        -0.1690163]
[-4.         -6.         -0.14840001]
[-4.         -5.         -0.18270421]
[-4. -4. inf]
[-4. -3. inf]
[-4. -2. inf]
[-4. -1. inf]
[-4.  0. inf]
[-4.          1.         -0.11279213]
[-4.  2. inf]
[-4.          3.         -0.19779617]
[-4.          4.         -0.18761438]
[-4.          5.         -0.19947302]
[-4.  6. inf]
[-4.  7. inf]
[-4.  8. inf]
[-4.  9. inf]
[-3. -9. inf]
[-3. -8. inf]
[-3. -7. inf]
[-3. -6. inf]
[-3. -5. inf]
[-3.         -4.         -0.10300601]
[-3. -3. inf]
[-3. -2. inf]
[-3. -1. inf]
[-3.  0. inf]
[-3.  1. inf]
[-3.          2.          0.04412228]
[-3.  3. inf]
[-3.  4. inf]
[-3.  5. inf]
[-3.          6.         -0.10347831]
[-3.  7. inf]
[-3.  8. inf]
[-3.          9.          0.03225416]
[-2.         -9.          0.04905713]
[-2. -8. inf]
[-2.         -7.         -0.18396848]
[-2.         -6.         -0.18962306]
[-2.         -5.         -0.16997296]
[-2.         -4.         -0.19750684]
[-2.         -3.         -0.19841623]
[-2.         -2.         -0.00682133]
[-2. -1. inf]
[-2.         0.         0.1641376]
[-2.          1.         -0.15596586]
[-2.          2.         -0.07741243]
[-2.          3.         -0.19987053]
[-2.          4.         -0.19647896]
[-2.          5.         -0.08889526]
[-2.          6.         -0.18542933]
[-2.          7.         -0.17416054]
[-2.          8.         -0.19610286]
[-2.          9.         -0.17763317]
[-1.         -9.         -0.19954437]
[-1. -8. inf]
[-1. -7. inf]
[-1. -6. inf]
[-1.         -5.          0.17289853]
[-1.         -4.         -0.16719854]
[-1.         -3.         -0.17400789]
[-1. -2. inf]
[-1. -1. inf]
[-1.  0. inf]
[-1.  1. inf]
[-1.  2. inf]
[-1.  3. inf]
[-1.  4. inf]
[-1.  5. inf]
[-1.          6.         -0.13043517]
[-1.          7.         -0.11681706]
[-1.          8.          0.19176352]
[-1.  9. inf]
[ 0. -9. inf]
[ 0. -8. inf]
[ 0. -7. inf]
[ 0. -6. inf]
[ 0.         -5.         -0.10271925]
[ 0. -4. inf]
[ 0.         -3.         -0.13470119]
[ 0.        -2.        -0.1596781]
[ 0.        -1.        -0.0208202]
[ 0.  0. inf]
[ 0.  1. inf]
[ 0.  2. inf]
[ 0.  3. inf]
[ 0.  4. inf]
[ 0.  5. inf]
[ 0.  6. inf]
[ 0.  7. inf]
[ 0.  8. inf]
[ 0.  9. inf]
[ 1. -9. inf]
[ 1. -8. inf]
[ 1. -7. inf]
[ 1. -6. inf]
[ 1. -5. inf]
[ 1. -4. inf]
[ 1. -3. inf]
[ 1. -2. inf]
[ 1. -1. inf]
[ 1.          0.         -0.11501378]
[ 1.  1. inf]
[ 1.  2. inf]
[ 1.  3. inf]
[ 1.  4. inf]
[ 1.          5.         -0.07345223]
[ 1.  6. inf]
[ 1.  7. inf]
[ 1.  8. inf]
[ 1.  9. inf]
[ 2. -9. inf]
[ 2. -8. inf]
[ 2. -7. inf]
[ 2. -6. inf]
[ 2. -5. inf]
[ 2. -4. inf]
[ 2. -3. inf]
[ 2. -2. inf]
[ 2. -1. inf]
[ 2.  0. inf]
[ 2.  1. inf]
[ 2.  2. inf]
[ 2.  3. inf]
[ 2.  4. inf]
[ 2.  5. inf]
[ 2.  6. inf]
[ 2.  7. inf]
[ 2.  8. inf]
[ 2.  9. inf]
[ 3. -9. inf]
[ 3. -8. inf]
[ 3. -7. inf]
[ 3. -6. inf]
[ 3. -5. inf]
[ 3. -4. inf]
[ 3. -3. inf]
[ 3. -2. inf]
[ 3. -1. inf]
[ 3.  0. inf]
[ 3.  1. inf]
[ 3.  2. inf]
[ 3.  3. inf]
[ 3.  4. inf]
[ 3.  5. inf]
[ 3.  6. inf]
[ 3.  7. inf]
[ 3.  8. inf]
[ 3.  9. inf]
[ 4. -9. inf]
[ 4. -8. inf]
[ 4. -7. inf]
[ 4. -6. inf]
[ 4. -5. inf]
[ 4. -4. inf]
[ 4. -3. inf]
[ 4. -2. inf]
[ 4. -1. inf]
[ 4.  0. inf]
[ 4.  1. inf]
[ 4.  2. inf]
[ 4.  3. inf]
[ 4.  4. inf]
[ 4.  5. inf]
[ 4.  6. inf]
[ 4.  7. inf]
[ 4.  8. inf]
[ 4.  9. inf]
[ 5. -9. inf]
[ 5. -8. inf]
[ 5. -7. inf]
[ 5. -6. inf]
[ 5. -5. inf]
[ 5. -4. inf]
[ 5. -3. inf]
[ 5. -2. inf]
[ 5. -1. inf]
[ 5.  0. inf]
[ 5.  1. inf]
[ 5.  2. inf]
[ 5.  3. inf]
[ 5.  4. inf]
[ 5.  5. inf]
[ 5.  6. inf]
[ 5.  7. inf]
[ 5.  8. inf]
[ 5.  9. inf]
[ 6. -9. inf]
[ 6. -8. inf]
[ 6. -7. inf]
[ 6. -6. inf]
[ 6. -5. inf]
[ 6. -4. inf]
[ 6. -3. inf]
[ 6. -2. inf]
[ 6. -1. inf]
[ 6.  0. inf]
[ 6.  1. inf]
[ 6.  2. inf]
[ 6.  3. inf]
[ 6.  4. inf]
[ 6.  5. inf]
[ 6.  6. inf]
[ 6.  7. inf]
[ 6.  8. inf]
[ 6.  9. inf]
[ 7. -9. inf]
[ 7. -8. inf]
[ 7. -7. inf]
[ 7. -6. inf]
[ 7. -5. inf]
[ 7. -4. inf]
[ 7. -3. inf]
[ 7. -2. inf]
[ 7. -1. inf]
[ 7.  0. inf]
[ 7.  1. inf]
[ 7.  2. inf]
[ 7.  3. inf]
[ 7.  4. inf]
[ 7.  5. inf]
[ 7.  6. inf]
[ 7.  7. inf]
[ 7.  8. inf]
[ 7.  9. inf]
[ 8. -9. inf]
[ 8. -8. inf]
[ 8. -7. inf]
[ 8. -6. inf]
[ 8. -5. inf]
[ 8. -4. inf]
[ 8. -3. inf]
[ 8. -2. inf]
[ 8. -1. inf]
[ 8.  0. inf]
[ 8.  1. inf]
[ 8.  2. inf]
[ 8.  3. inf]
[ 8.  4. inf]
[ 8.  5. inf]
[ 8.  6. inf]
[ 8.  7. inf]
[ 8.  8. inf]
[ 8.  9. inf]
[ 9. -9. inf]
[ 9. -8. inf]
[ 9. -7. inf]
[ 9. -6. inf]
[ 9. -5. inf]
[ 9. -4. inf]
[ 9. -3. inf]
[ 9. -2. inf]
[ 9. -1. inf]
[ 9.  0. inf]
[ 9.  1. inf]
[ 9.  2. inf]
[ 9.  3. inf]
[ 9.  4. inf]
[ 9.  5. inf]
[ 9.  6. inf]
[ 9.  7. inf]
[ 9.  8. inf]
[ 9.  9. inf]
